NER_EN_HI: 77.9976717112922
NLI_EN_HI: 55.95871828439074
POS_EN_ES: 93.55492501013376
POS_EN_HI_FG: 64.4564166321315
QA_EN_HI: 63.08641975308641
Sentiment_EN_HI: 58.1206233622138