LID_EN_HI: 95.74890742947953
NER_EN_HI: 79.03780068728523
POS_EN_ES: 94.38383838383838
POS_EN_HI_FG: 65.03050471436495
QA_EN_HI: 0.0
Sentiment_EN_HI: 61.07054078724623