LID_EN_HI: 94.59992116673236
NER_EN_HI: 80.41002277904327
POS_EN_ES: 93.48441926345609
POS_EN_HI_FG: 64.9375866851595
QA_EN_HI: 39.81481481481482
Sentiment_EN_HI: 28.35592481118591